9532, 0
9533, 1
9534, 0
9535, 1
9536, 1
9537, 0
9538, 1
9539, 0
9540, 0
9541, 1
9542, 1
9543, 1
9544, 0
9545, 0
9546, 1
9547, 0
9548, 1
9549, 0
9550, 0
9551, 1
9552, 1
9553, 1
9554, 0
9555, 1
9556, 0
9557, 0
9558, 1
9559, 1
9560, 1
9561, 1
9562, 1
9563, 1
9564, 1
9565, 1
9566, 1
9567, 1
9568, 1
9569, 0
9570, 0
9571, 1
9572, 0
9573, 1
9574, 1
9575, 1
9576, 1
9577, 1
9578, 0
9579, 0
9580, 0
9581, 1
9582, 0
9583, 0
9584, 1
9585, 1
9586, 1
9587, 1
9588, 1
9589, 0
9590, 0
9591, 0
9592, 0
9593, 1
9594, 0
9595, 1
9596, 0
9597, 0
9598, 1
9599, 1
9600, 0
9601, 0
9602, 0
9603, 1
9604, 0
9605, 1
9606, 1
9607, 0
9608, 1
9609, 1
9610, 0
9611, 1
9612, 0
9613, 0
9614, 0
9615, 1
9616, 0
9617, 0
9618, 1
9619, 0
9620, 1
9621, 0
9622, 1
9623, 1
9624, 1
9625, 0
9626, 1
9627, 0
9628, 0
9629, 1
9630, 1
9631, 1
9632, 0
9633, 0
9634, 1
9635, 0
9636, 0
9637, 0
9638, 0
9639, 1
9640, 1
9641, 0
9642, 1
9643, 1
9644, 1
9645, 0
9646, 1
9647, 0
9648, 0
9649, 1
9650, 1
9651, 0
9652, 0
9653, 0
9654, 0
9655, 0
9656, 1
9657, 0
9658, 0
9659, 1
9660, 0
9661, 0
9662, 0
9663, 1
9664, 1
9665, 0
9666, 1
9667, 1
9668, 0
9669, 1
9670, 0
9671, 1
9672, 1
9673, 1
9674, 0
9675, 0
9676, 0
9677, 0
9678, 1
9679, 1
9680, 0
9681, 1
9682, 1
9683, 0
9684, 1
9685, 0
9686, 0
9687, 1
9688, 1
9689, 1
9690, 1
9691, 1
9692, 1
9693, 0
9694, 0
9695, 1
9696, 1
9697, 1
9698, 0
9699, 0
9700, 1
9701, 1
9702, 1
9703, 1
9704, 1
9705, 1
9706, 0
9707, 1
9708, 1
9709, 0
9710, 1
9711, 1
9712, 0
9713, 0
9714, 0
9715, 1
9716, 0
9717, 0
9718, 1
9719, 0
9720, 1
9721, 1
9722, 0
9723, 0
9724, 1
9725, 0
9726, 0
9727, 0
9728, 1
9729, 0
9730, 1
9731, 1
9732, 0
9733, 1
9734, 0
9735, 1
9736, 1
9737, 0
9738, 0
9739, 1
9740, 0
9741, 1
9742, 1
9743, 1
9744, 0
9745, 1
9746, 1
9747, 0
9748, 1
9749, 0
9750, 1
9751, 0
9752, 0
9753, 1
9754, 0
9755, 1
9756, 1
9757, 0
9758, 1
9759, 0
9760, 1
9761, 0
9762, 0
9763, 1
9764, 0
9765, 1
9766, 0
9767, 0
9768, 0
9769, 1
9770, 1
9771, 0
9772, 0
9773, 1
9774, 0
9775, 0
9776, 1
9777, 0
9778, 0
9779, 1
9780, 1
9781, 0
9782, 1
9783, 0
9784, 0
9785, 0
9786, 1
9787, 1
9788, 0
9789, 1
9790, 0
9791, 0
9792, 0
9793, 0
9794, 1
9795, 1
9796, 1
9797, 0
9798, 0
9799, 0
9800, 0
9801, 0
9802, 1
9803, 1
9804, 0
9805, 0
9806, 0
9807, 1
9808, 0
9809, 0
9810, 0
9811, 1
9812, 1
9813, 0
9814, 0
9815, 0
9816, 1
9817, 0
9818, 0
9819, 1
9820, 1
9821, 0
9822, 0
9823, 1
9824, 1
9825, 0
9826, 0
9827, 1
9828, 0
9829, 1
9830, 1
9831, 1
9832, 1
9833, 1
9834, 1
9835, 0
9836, 0
9837, 1
9838, 0
9839, 1
9840, 0
9841, 0
9842, 0
9843, 1
9844, 1
9845, 1
9846, 1
9847, 1
9848, 1
9849, 0
9850, 1
9851, 1
9852, 1
9853, 0
9854, 0
9855, 0
9856, 0
9857, 1
9858, 0
9859, 0
9860, 0
9861, 1
9862, 0
9863, 0
9864, 0
9865, 0
9866, 0
9867, 1
9868, 0
9869, 1
9870, 0
9871, 1
9872, 1
9873, 0
9874, 0
9875, 0
9876, 1
9877, 1
9878, 0
9879, 0
9880, 1
9881, 0
9882, 0
9883, 0
9884, 1
9885, 0
9886, 0
9887, 0
9888, 0
9889, 0
9890, 1
9891, 1
9892, 0
9893, 0
9894, 1
9895, 0
9896, 0
9897, 0
9898, 0
9899, 1
9900, 1
9901, 0
9902, 1
9903, 0
9904, 1
9905, 1
9906, 1
9907, 0
9908, 1
9909, 0
9910, 0
9911, 0
9912, 1
9913, 1
9914, 0
9915, 0
9916, 0
9917, 1
9918, 1
9919, 1
9920, 0
9921, 0
9922, 1
9923, 1
9924, 1
9925, 0
9926, 1
9927, 0
9928, 1
9929, 1
9930, 1
9931, 0
9932, 0
9933, 1
9934, 0
9935, 1
9936, 1
9937, 0
9938, 1
9939, 0
9940, 1
9941, 0
9942, 0
9943, 0
9944, 0
9945, 1
9946, 1
9947, 0
9948, 1
9949, 1
9950, 1
9951, 1
9952, 0
9953, 1
9954, 0
9955, 0
9956, 1
9957, 0
9958, 1
9959, 0
9960, 1
9961, 0
9962, 0
9963, 1
9964, 1
9965, 0
9966, 1
9967, 1
9968, 0
9969, 1
9970, 0
9971, 0
9972, 1
9973, 1
9974, 0
9975, 0
9976, 0
9977, 0
9978, 1
9979, 1
9980, 0
9981, 1
9982, 0
9983, 0
9984, 0
9985, 1
9986, 1
9987, 1
9988, 1
9989, 1
9990, 0
9991, 0
9992, 0
9993, 0
9994, 0
9995, 1
9996, 0
9997, 0
9998, 1
9999, 0
10000, 1
10001, 0
10002, 1
10003, 1
10004, 1
10005, 0
10006, 0
10007, 0
10008, 1
10009, 0
10010, 1
10011, 0
10012, 1
10013, 0
10014, 1
10015, 0
10016, 1
10017, 0
10018, 1
10019, 0
10020, 1
10021, 0
10022, 1
10023, 1
10024, 0
10025, 1
10026, 0
10027, 1
10028, 0
10029, 0
10030, 0
10031, 1
10032, 0
10033, 1
10034, 0
10035, 0
10036, 0
10037, 1
10038, 0
10039, 1
10040, 1
10041, 1
10042, 1
10043, 1
10044, 1
10045, 1
10046, 0
10047, 0
10048, 1
10049, 1
10050, 1
10051, 0
10052, 0
10053, 1
10054, 1
10055, 1
10056, 1
10057, 1
10058, 1
10059, 0
10060, 1
10061, 0
10062, 0
10063, 0
10064, 1
10065, 1
10066, 1
10067, 1
10068, 1
10069, 0
10070, 0
10071, 1
10072, 0
10073, 0
10074, 1
10075, 1
10076, 0
10077, 1
10078, 1
10079, 1
10080, 0
10081, 0
10082, 1
10083, 1
10084, 1
10085, 1
10086, 1
10087, 0
10088, 0
10089, 1
10090, 1
10091, 1
10092, 1
10093, 1
10094, 0
10095, 0
10096, 1
10097, 0
10098, 0
10099, 0
10100, 1
10101, 0
10102, 0
10103, 0
10104, 0
10105, 1
10106, 0
10107, 0
10108, 1
10109, 0
10110, 0
10111, 1
10112, 0
10113, 1
10114, 0
10115, 0
10116, 0
10117, 1
10118, 1
10119, 1
10120, 1
10121, 0
10122, 0
10123, 1
10124, 1
10125, 1
10126, 0
10127, 1
10128, 1
10129, 0
10130, 0
10131, 0
10132, 1
10133, 0
10134, 0
10135, 0
10136, 0
10137, 1
10138, 0
10139, 1
10140, 1
10141, 0
10142, 0
10143, 1
10144, 0
10145, 1
10146, 0
10147, 0
10148, 0
10149, 0
10150, 0
10151, 1
10152, 1
10153, 1
10154, 0
10155, 0
10156, 0
10157, 1
10158, 0
10159, 0
10160, 0
10161, 0
10162, 1
10163, 1
10164, 1
10165, 0
10166, 1
10167, 1
10168, 1
10169, 0
10170, 0
10171, 1
10172, 1
10173, 0
10174, 0
10175, 0
10176, 0
10177, 0
10178, 0
10179, 1
10180, 1
10181, 0
10182, 1
10183, 0
10184, 1
10185, 1
10186, 1
10187, 0
10188, 0
10189, 1
10190, 0
10191, 1
10192, 1
10193, 1
10194, 0
10195, 1
10196, 1
10197, 0
10198, 0
10199, 0
10200, 1
10201, 1
10202, 0
10203, 0
10204, 0
10205, 1
10206, 0
10207, 1
10208, 0
10209, 1
10210, 0
10211, 1
10212, 0
10213, 1
10214, 0
10215, 0
10216, 1
10217, 0
10218, 0
10219, 0
10220, 0
10221, 1
10222, 1
10223, 1
10224, 0
10225, 1
10226, 0
10227, 1
10228, 1
10229, 1
10230, 1
10231, 1
10232, 1
10233, 0
10234, 0
10235, 1
10236, 0
10237, 1
10238, 1
10239, 1
10240, 0
10241, 1
10242, 0
10243, 1
10244, 1
10245, 0
10246, 1
10247, 1
10248, 1
10249, 1
10250, 0
10251, 1
10252, 0
10253, 0
10254, 1
10255, 0
10256, 1
10257, 0
10258, 1
10259, 0
10260, 1
10261, 0
10262, 0
10263, 0
10264, 1
10265, 0
10266, 1
10267, 1
10268, 0
10269, 1
10270, 1
10271, 0
10272, 1
10273, 1
10274, 0
10275, 1
10276, 0
10277, 0
10278, 1
10279, 1
10280, 1
10281, 0
10282, 1
10283, 1
10284, 1
10285, 0
10286, 0
10287, 0
10288, 0
10289, 0
10290, 1
10291, 0
10292, 0
10293, 0
10294, 1
10295, 0
10296, 0
10297, 0
10298, 1
10299, 1
10300, 0
10301, 0
10302, 0
10303, 0
10304, 1
10305, 1
10306, 0
10307, 1
10308, 1
10309, 1
10310, 1
10311, 0
10312, 1
10313, 0
10314, 0
10315, 1
10316, 1
10317, 1
10318, 0
10319, 0
10320, 0
10321, 0
10322, 0
10323, 0
10324, 1
10325, 0
10326, 1
10327, 0
10328, 0
10329, 0
10330, 0
10331, 0
10332, 0
10333, 1
10334, 1
10335, 1
10336, 0
10337, 1
10338, 0
10339, 0
10340, 0
10341, 0
10342, 0
10343, 0
10344, 1
10345, 0
10346, 1
10347, 0
10348, 1
10349, 1
10350, 1
10351, 0
10352, 0
10353, 0
10354, 1
10355, 0
10356, 1
10357, 1
10358, 1
10359, 1
10360, 1
10361, 1
10362, 1
10363, 1
10364, 0
10365, 1
10366, 0
10367, 1
10368, 1
10369, 1
10370, 0
10371, 0
10372, 0
10373, 1
10374, 1
10375, 0
10376, 0
10377, 1
10378, 0
10379, 0
10380, 0
10381, 1
10382, 0
10383, 0
10384, 1
10385, 0
10386, 0
10387, 0
10388, 0
10389, 1
10390, 1
10391, 1
10392, 0
10393, 0
10394, 1
10395, 0
10396, 0
10397, 0
10398, 0
10399, 1
10400, 1
10401, 0
10402, 1
10403, 0
10404, 0
10405, 0
10406, 1
10407, 1
10408, 0
10409, 0
10410, 1
10411, 0
10412, 1
10413, 0
10414, 1
10415, 0
10416, 0
10417, 0
10418, 0
10419, 0
10420, 1
10421, 0
10422, 0
10423, 1
10424, 0
10425, 0
10426, 1
10427, 1
10428, 1
10429, 1
10430, 0
10431, 0
10432, 0
10433, 1
10434, 0
10435, 1
10436, 0
10437, 0
10438, 0
10439, 1
10440, 1
10441, 0
10442, 0
10443, 1
10444, 1
10445, 1
10446, 1
10447, 0
10448, 0
10449, 1
10450, 1
10451, 1
10452, 1
10453, 0
10454, 0
10455, 1
10456, 0
10457, 1
10458, 0
10459, 0
10460, 0
10461, 1
10462, 1
10463, 1
10464, 1
10465, 1
10466, 1
10467, 0
10468, 1
10469, 0
10470, 0
10471, 1
10472, 0
10473, 1
10474, 1
10475, 0
10476, 1
10477, 0
10478, 0
10479, 1
10480, 1
10481, 1
10482, 0
10483, 0
10484, 0
10485, 0
10486, 1
10487, 0
10488, 0
10489, 0
10490, 1
10491, 0
10492, 1
10493, 1
10494, 1
10495, 1
10496, 0
10497, 1
10498, 0
10499, 0
10500, 0
10501, 0
10502, 1
10503, 1
10504, 1
10505, 0
10506, 0
10507, 1
10508, 0
10509, 0
10510, 1
10511, 1
10512, 1
10513, 1
10514, 1
10515, 1
10516, 1
10517, 0
10518, 0
10519, 0
10520, 1
10521, 1
10522, 0
10523, 0
10524, 1
10525, 1
10526, 1
10527, 0
10528, 1
10529, 1
10530, 0
10531, 0
10532, 1
10533, 1
10534, 1
10535, 0
10536, 1
10537, 1
10538, 0
10539, 0
10540, 1
10541, 0
10542, 1
10543, 1
10544, 0
10545, 0
10546, 0
10547, 0
10548, 0
10549, 0
10550, 0
10551, 1
10552, 0
10553, 1
10554, 0
10555, 1
10556, 1
10557, 1
10558, 0
10559, 1
10560, 1
10561, 0
10562, 1
10563, 0
10564, 1
10565, 0
10566, 1
10567, 0
10568, 0
10569, 0
10570, 0
10571, 0
10572, 1
10573, 1
10574, 0
10575, 0
10576, 0
10577, 1
10578, 0
10579, 1
10580, 0
10581, 1
10582, 0
10583, 0
10584, 1
10585, 1
10586, 1
10587, 0
10588, 0
10589, 0
10590, 1
10591, 1
10592, 1
10593, 0
10594, 0
10595, 1
10596, 0
10597, 1
10598, 0
10599, 1
10600, 1
10601, 1
10602, 1
10603, 1
10604, 0
10605, 1
10606, 0
10607, 1
10608, 1
10609, 1
10610, 0
10611, 0
10612, 1
10613, 1
10614, 0
10615, 1
10616, 1
10617, 0
10618, 1
10619, 1
10620, 0
10621, 1
10622, 0
10623, 0
10624, 1
10625, 0
10626, 0
10627, 1
10628, 0
10629, 0
10630, 0
10631, 1
10632, 1
10633, 0
10634, 0
10635, 1
10636, 0
10637, 0
10638, 0
10639, 0
10640, 1
10641, 0
10642, 0
10643, 1
10644, 1
10645, 1
10646, 0
10647, 0
10648, 0
10649, 1
10650, 1
10651, 0
10652, 0
10653, 0
10654, 1
10655, 1
10656, 1
10657, 0
10658, 0
10659, 1
10660, 0
10661, 0
10662, 1
10663, 1
10664, 1
10665, 1
10666, 0
10667, 0
10668, 0
10669, 1
10670, 1
10671, 0
10672, 1
10673, 0
10674, 1
10675, 1
10676, 1
10677, 1
10678, 1
10679, 1
10680, 0
10681, 1
10682, 0
10683, 0
10684, 0
10685, 0
10686, 1
10687, 0
10688, 1
10689, 0
10690, 1
10691, 1
10692, 1
10693, 1
10694, 1
10695, 1
10696, 1
10697, 0
10698, 0
10699, 1
10700, 0
10701, 0
10702, 0
10703, 1
10704, 0
10705, 0
10706, 1
10707, 0
10708, 1
10709, 0
10710, 1
10711, 0
10712, 0
10713, 1
10714, 0
10715, 1
10716, 1
10717, 1
10718, 1
10719, 0
10720, 1
10721, 0
10722, 0
10723, 1
10724, 1
10725, 1
10726, 0
10727, 1
10728, 1
10729, 1
10730, 0
10731, 0
10732, 1
10733, 1
10734, 0
10735, 0
10736, 0
10737, 0
10738, 0
10739, 0
10740, 0
10741, 1
10742, 1
10743, 1
10744, 1
10745, 0
10746, 1
10747, 1
10748, 1
10749, 0
10750, 0
10751, 1
10752, 1
10753, 1
10754, 1
10755, 1
10756, 1
10757, 1
10758, 0
10759, 0
10760, 1
10761, 1
10762, 0
10763, 1
10764, 1
10765, 0
10766, 1
10767, 1
10768, 0
10769, 0
10770, 1
10771, 1
10772, 1
10773, 1
10774, 0
10775, 0
10776, 1
10777, 1
10778, 0
10779, 0
10780, 0
10781, 0
10782, 0
10783, 0
10784, 0
10785, 1
10786, 1
10787, 0
10788, 1
10789, 1
10790, 0
10791, 1
10792, 0
10793, 1
10794, 1
10795, 1
10796, 0
10797, 0
10798, 0
10799, 0
10800, 0
10801, 0
10802, 1
10803, 0
10804, 1
10805, 0
10806, 0
10807, 0
10808, 1
10809, 0
10810, 0
10811, 1
10812, 1
10813, 1
10814, 0
10815, 0
10816, 0
10817, 1
10818, 1
10819, 0
10820, 1
10821, 0
10822, 0
10823, 0
10824, 1
10825, 1
10826, 1
10827, 1
10828, 0
10829, 1
10830, 1
10831, 0
10832, 1
10833, 0
10834, 1
10835, 0
10836, 1
10837, 1
10838, 0
10839, 1
10840, 0
10841, 1
10842, 0
10843, 0
10844, 0
10845, 0
10846, 0
10847, 1
10848, 1
10849, 1
10850, 0
10851, 1
10852, 0
10853, 1
10854, 1
10855, 0
10856, 0
10857, 0
10858, 0
10859, 0
10860, 0
10861, 0
10862, 1
10863, 0
10864, 0
10865, 1
10866, 0
10867, 0
10868, 0
10869, 0
10870, 1
10871, 0
10872, 0
10873, 1
10874, 0
10875, 1
10876, 0
10877, 0
10878, 0
10879, 1
10880, 1
10881, 0
10882, 0
10883, 0
10884, 1
10885, 0
10886, 0
10887, 1
10888, 1
10889, 1
10890, 1
10891, 1
10892, 0
10893, 1
10894, 0
10895, 0
10896, 1
10897, 0
10898, 0
10899, 0
10900, 0
10901, 1
10902, 0
10903, 0
10904, 0
10905, 0
10906, 0
10907, 0
10908, 0
10909, 0
10910, 0
10911, 1
10912, 1
10913, 1
10914, 0
10915, 0
10916, 1
10917, 1
10918, 0
10919, 0
10920, 1
10921, 1
10922, 1
10923, 1
10924, 0
10925, 0
10926, 1
10927, 0
10928, 0
10929, 0
10930, 1
10931, 1
10932, 0
10933, 1
10934, 1
10935, 1
10936, 0
10937, 1
10938, 1
10939, 1
10940, 0
10941, 0
10942, 1
10943, 1
10944, 0
10945, 0
10946, 1
10947, 0
10948, 0
10949, 1
10950, 1
10951, 0
10952, 0
10953, 1
10954, 0
10955, 0
10956, 0
10957, 1
10958, 0
10959, 0
10960, 0
10961, 1
10962, 1
10963, 0
10964, 1
10965, 1
10966, 1
10967, 0
10968, 0
10969, 0
10970, 0
10971, 0
10972, 0
10973, 0
10974, 1
10975, 1
10976, 1
10977, 1
10978, 0
10979, 1
10980, 0
10981, 1
10982, 0
10983, 0
10984, 0
10985, 0
10986, 0
10987, 0
10988, 1
10989, 1
10990, 1
10991, 0
10992, 1
10993, 0
10994, 1
10995, 0
10996, 1
10997, 1
10998, 0
10999, 0
11000, 0
11001, 0
11002, 1
11003, 0
11004, 0
11005, 1
11006, 0
11007, 0
11008, 0
11009, 0
11010, 0
11011, 1
11012, 1
11013, 0
11014, 0
11015, 0
11016, 0
11017, 1
11018, 1
11019, 1
11020, 1
11021, 1
11022, 1
11023, 1
11024, 1
11025, 0
11026, 0
11027, 1
11028, 0
11029, 1
11030, 1
11031, 1
11032, 0
11033, 1
11034, 0
11035, 0
11036, 1
11037, 0
11038, 0
11039, 0
11040, 1
11041, 1
11042, 0
11043, 1
11044, 1
11045, 0
11046, 0
11047, 1
11048, 0
11049, 0
11050, 1
11051, 0
11052, 0
11053, 1
11054, 0
11055, 1
11056, 0
11057, 1
11058, 1
11059, 1
11060, 1
11061, 1
11062, 1
11063, 0
11064, 0
11065, 1
11066, 0
11067, 1
11068, 1
11069, 0
11070, 1
11071, 0
11072, 0
11073, 0
11074, 1
11075, 0
11076, 1
11077, 1
11078, 1
11079, 1
11080, 1
11081, 0
11082, 0
11083, 0
11084, 1
11085, 1
11086, 0
11087, 1
11088, 0
11089, 1
11090, 1
11091, 0
11092, 0
11093, 1
11094, 0
11095, 1
11096, 0
11097, 0
11098, 0
11099, 0
11100, 1
11101, 1
11102, 0
11103, 1
11104, 0
11105, 0
11106, 1
11107, 1
11108, 1
11109, 0
11110, 1
11111, 1
11112, 1
11113, 0
11114, 0
11115, 0
11116, 0
11117, 0
11118, 1
11119, 0
11120, 0
11121, 0
11122, 0
11123, 1
11124, 0
11125, 1
11126, 0
11127, 1
11128, 0
11129, 0
11130, 1
11131, 0
11132, 0
11133, 0
11134, 1
11135, 1
11136, 0
11137, 1
11138, 0
11139, 1
11140, 1
11141, 0
11142, 0
11143, 0
11144, 0
11145, 0
11146, 0
11147, 1
11148, 0
11149, 1
11150, 1
11151, 1
11152, 1
11153, 0
11154, 1
11155, 0
11156, 1
11157, 1
11158, 0
11159, 0
11160, 1
11161, 0
11162, 0
11163, 0
11164, 0
11165, 0
11166, 0
11167, 1
11168, 0
11169, 1
11170, 0
11171, 0
11172, 0
11173, 1
11174, 1
11175, 1
11176, 0
11177, 0
11178, 0
11179, 0
11180, 0
11181, 1
11182, 0
11183, 0
11184, 1
11185, 0
11186, 1
11187, 1
11188, 0
11189, 1
11190, 1
11191, 1
11192, 0
11193, 1
11194, 0
11195, 0
11196, 0
11197, 0
11198, 0
11199, 1
11200, 0
11201, 1
11202, 0
11203, 1
11204, 0
11205, 1
11206, 0
11207, 0
11208, 1
11209, 0
11210, 1
11211, 0
11212, 0
11213, 1
11214, 1
11215, 1
11216, 1
11217, 1
11218, 0
11219, 0
11220, 0
11221, 1
11222, 0
11223, 1
11224, 1
11225, 1
11226, 1
11227, 1
11228, 1
11229, 1
11230, 1
11231, 0
11232, 0
11233, 0
11234, 1
11235, 1
11236, 1
11237, 1
11238, 0
11239, 1
11240, 1
11241, 0
11242, 0
11243, 1
11244, 1
11245, 0
11246, 0
11247, 1
11248, 0
11249, 1
11250, 1
11251, 0
11252, 1
11253, 1
11254, 0
11255, 0
11256, 1
11257, 1
11258, 0
11259, 0
11260, 0
11261, 1
11262, 1
11263, 0
11264, 1
11265, 0
11266, 0
11267, 0
11268, 0
11269, 1
11270, 1
11271, 1
11272, 0
11273, 1
11274, 0
11275, 0
11276, 1
11277, 0
11278, 0
11279, 1
11280, 0
11281, 1
11282, 0
11283, 1
11284, 1
11285, 0
11286, 1
11287, 0
11288, 0
11289, 0
11290, 0
11291, 0
11292, 0
11293, 0
11294, 0
11295, 1
11296, 0
11297, 1
11298, 1
11299, 1
11300, 1
11301, 1
11302, 1
11303, 0
11304, 1
11305, 0
11306, 0
11307, 0
11308, 1
11309, 1
11310, 1
11311, 1
11312, 0
11313, 1
11314, 0
11315, 1
11316, 1
11317, 0
11318, 0
11319, 0
11320, 1
11321, 1
11322, 0
11323, 1
11324, 1
11325, 0
11326, 1
11327, 0
11328, 1
11329, 1
11330, 1
11331, 0
11332, 1
11333, 1
11334, 1
11335, 1
11336, 1
11337, 0
11338, 1
11339, 0
11340, 0
11341, 1
11342, 0
11343, 1
11344, 0
11345, 0
11346, 1
11347, 0
11348, 0
11349, 1
11350, 0
11351, 0
11352, 1
11353, 0
11354, 1
11355, 0
11356, 1
11357, 1
11358, 0
11359, 0
11360, 0
11361, 1
11362, 1
11363, 0
11364, 1
11365, 1
11366, 0
11367, 1
11368, 1
11369, 1
11370, 1
11371, 0
11372, 0
11373, 1
11374, 1
11375, 1
11376, 0
11377, 0
11378, 0
11379, 0
11380, 0
11381, 0
11382, 0
11383, 1
11384, 0
11385, 0
11386, 1
11387, 1
11388, 1
11389, 1
11390, 0
11391, 0
11392, 1
11393, 1
11394, 0
11395, 0
11396, 1
11397, 0
11398, 0
11399, 1
11400, 1
11401, 0
11402, 1
11403, 1
11404, 0
11405, 0
11406, 0
11407, 0
11408, 0
11409, 1
11410, 0
11411, 1
11412, 0
11413, 0
11414, 0
11415, 0
11416, 0
11417, 1
11418, 1
11419, 0
11420, 1
11421, 1
11422, 1
11423, 0
11424, 0
11425, 1
11426, 0
11427, 0
11428, 1
11429, 0
11430, 0
11431, 0
11432, 1
11433, 1
11434, 0
11435, 1
11436, 0
11437, 1
11438, 1
11439, 0
11440, 0
11441, 0
11442, 0
11443, 0
11444, 1
11445, 0
11446, 0
11447, 1
11448, 1
11449, 0
11450, 1
11451, 1
11452, 0
11453, 1
11454, 0
11455, 0
11456, 0
11457, 1
11458, 0
11459, 0
11460, 1
11461, 1
11462, 1
11463, 1
11464, 0
11465, 0
11466, 0
11467, 1
11468, 1
11469, 1
11470, 0
11471, 1
11472, 0
11473, 0
11474, 1
11475, 0
11476, 0
11477, 0
11478, 1
11479, 0
11480, 0
11481, 1
11482, 0
11483, 1
11484, 0
11485, 0
11486, 0
11487, 1
11488, 0
11489, 1
11490, 1
11491, 0
11492, 0
11493, 0
11494, 0
11495, 1
11496, 1
11497, 0
11498, 0
11499, 0
11500, 1
11501, 0
11502, 0
11503, 0
11504, 0
11505, 0
11506, 0
11507, 0
11508, 0
11509, 0
11510, 1
11511, 0
11512, 1
11513, 0
11514, 0
11515, 1
11516, 1
11517, 0
11518, 1
11519, 0
11520, 0
11521, 1
11522, 0
11523, 0
11524, 0
11525, 0
11526, 1
11527, 0
11528, 0
11529, 0
11530, 0
11531, 0
11532, 1
11533, 1
11534, 0
11535, 0
11536, 1
11537, 1
11538, 0
11539, 0
11540, 1
11541, 0
11542, 0
11543, 0
11544, 1
11545, 0
11546, 0
11547, 1
11548, 1
11549, 0
11550, 1
11551, 1
11552, 0
11553, 0
11554, 0
11555, 1
11556, 0
11557, 0
11558, 0
11559, 0
11560, 1
11561, 1
11562, 0
11563, 1
11564, 0
11565, 0
11566, 0
11567, 1
11568, 0
11569, 1
11570, 0
11571, 0
11572, 1
11573, 1
11574, 1
11575, 1
11576, 0
11577, 0
11578, 0
11579, 0
11580, 1
11581, 1
11582, 0
11583, 1
11584, 1
11585, 0
11586, 0
11587, 0
11588, 1
11589, 0
11590, 0
11591, 0
11592, 0
11593, 0
11594, 1
11595, 0
11596, 0
11597, 1
11598, 0
11599, 1
11600, 0
11601, 0
11602, 1
11603, 1
11604, 0
11605, 0
11606, 1
11607, 0
11608, 1
11609, 0
11610, 1
11611, 1
11612, 0
11613, 0
11614, 0
11615, 0
11616, 0
11617, 0
11618, 1
11619, 0
11620, 1
11621, 0
11622, 0
11623, 1
11624, 1
11625, 0
11626, 0
11627, 0
11628, 0
11629, 0
11630, 0
11631, 1
11632, 1
11633, 1
11634, 0
11635, 1
11636, 1
11637, 0
11638, 1
11639, 1
11640, 1
11641, 0
11642, 0
11643, 0
11644, 1
11645, 0
11646, 1
11647, 0
11648, 0
11649, 0
11650, 1
11651, 1
11652, 1
11653, 1
11654, 0
11655, 1
11656, 0
11657, 1
11658, 0
11659, 1
11660, 1
11661, 0
11662, 1
11663, 1
11664, 0
11665, 1
11666, 0
11667, 1
11668, 0
11669, 1
11670, 0
11671, 1
11672, 1
11673, 0
11674, 1
11675, 1
11676, 0
11677, 1
11678, 0
11679, 0
11680, 1
11681, 1
11682, 1
11683, 0
11684, 0
11685, 0
11686, 1
11687, 1
11688, 1
11689, 1
11690, 0
11691, 0
11692, 1
11693, 1
11694, 1
11695, 1
11696, 1
11697, 1
11698, 1
11699, 1
11700, 0
11701, 1
11702, 1
11703, 1
11704, 1
11705, 0
11706, 1
11707, 0
11708, 0
11709, 1
11710, 1
11711, 1
11712, 1
11713, 0
11714, 0
11715, 1
11716, 1
11717, 0
11718, 0
11719, 0
11720, 1
11721, 0
11722, 0
11723, 1
11724, 1
11725, 1
11726, 0
11727, 1
11728, 0
11729, 0
11730, 0
11731, 0
11732, 0
11733, 0
11734, 1
11735, 1
11736, 1
11737, 0
11738, 0
11739, 1
11740, 1
11741, 0
11742, 1
11743, 1
11744, 1
11745, 0
11746, 0
11747, 1
11748, 0
11749, 1
11750, 0
11751, 1
11752, 0
11753, 1
11754, 1
11755, 0
11756, 1
11757, 1
11758, 1
11759, 0
11760, 1
11761, 0
11762, 0
11763, 0
11764, 1
11765, 1
11766, 0
11767, 0
11768, 1
11769, 1
11770, 1
11771, 1
11772, 1
11773, 0
11774, 0
11775, 0
11776, 0
11777, 0
11778, 0
11779, 0
11780, 0
11781, 1
11782, 0
11783, 0
11784, 1
11785, 0
11786, 0
11787, 1
11788, 1
11789, 1
11790, 0
11791, 1
11792, 1
11793, 1
11794, 1
11795, 1
11796, 0
11797, 0
11798, 0
11799, 1
11800, 0
11801, 1
11802, 0
11803, 0
11804, 0
11805, 0
11806, 0
11807, 1
11808, 1
11809, 0
11810, 1
11811, 1
11812, 0
11813, 1
11814, 0
11815, 0
11816, 1
11817, 0
11818, 0
11819, 1
11820, 0
11821, 0
11822, 0
11823, 1
11824, 0
11825, 0
11826, 1
11827, 0
11828, 1
11829, 1
11830, 0
11831, 1
11832, 1
11833, 1
11834, 1
11835, 1
11836, 1
11837, 0
11838, 1
11839, 1
11840, 0
11841, 0
11842, 1
11843, 1
11844, 1
11845, 0
11846, 0
11847, 0
11848, 0
11849, 1
11850, 1
11851, 0
11852, 0
11853, 1
11854, 0
11855, 1
11856, 0
11857, 1
11858, 0
11859, 0
11860, 0
11861, 0
11862, 0
11863, 0
11864, 0
11865, 0
11866, 0
11867, 1
11868, 1
11869, 0
11870, 1
11871, 0
11872, 0
11873, 0
11874, 0
11875, 1
11876, 0
11877, 1
11878, 0
11879, 0
11880, 0
11881, 1
11882, 1
11883, 1
11884, 1
11885, 0
11886, 0
11887, 0
11888, 0
11889, 1
11890, 1
11891, 0
11892, 1
11893, 1
11894, 1
11895, 1
11896, 0
11897, 0
11898, 0
11899, 0
11900, 0
11901, 0
11902, 1
11903, 0
11904, 0
11905, 0
11906, 0
11907, 1
11908, 0
11909, 1
11910, 0
11911, 0
11912, 1
11913, 0
11914, 0
Naives Bayes Precision: [0.81788618 0.79444926]
Naives Bayes Recall: [0.80933226 0.80350877]
Naives Bayes f1_score: [0.81358674 0.79895334]
Naives Bayes Accuracy: 80.65463701216954